####__K[col8,pr0],K[col8,pr1],...,K[col8,pr14],K[col8,pr15]__####
####__K[col7,pr0],K[col7,pr1],...,K[col7,pr14],K[col7,pr15]__####
.......
####__K[col1,pr0],K[col1,pr1],...,K[col1,pr14],K[col1,pr15]__####
-16	-34	-108	123	-75	11	23	-57	-31	23	-30	48	60	16	-31	-24
81	-107	-40	-73	3	-49	-16	-104	103	30	49	126	22	-44	3	110
52	97	-12	11	-19	19	44	-91	123	96	-115	87	65	66	35	-101
-43	75	44	18	-67	11	59	127	-82	-18	39	83	21	6	-97	51
-45	65	12	-122	-111	10	-15	-116	-93	3	-117	38	-83	23	50	-86
29	7	42	-25	-61	104	-34	84	-83	21	101	-76	-38	-3	-33	24
96	67	-82	101	81	-81	20	87	85	119	-79	9	120	103	44	-106
52	65	47	-72	69	38	-23	-10	-5	10	19	40	-20	-89	-68	111
