####__K[col8,pr0],K[col8,pr1],...,K[col8,pr14],K[col8,pr15]__####
####__K[col7,pr0],K[col7,pr1],...,K[col7,pr14],K[col7,pr15]__####
.......
####__K[col1,pr0],K[col1,pr1],...,K[col1,pr14],K[col1,pr15]__####
39	110	60	28	-113	32	8	126	61	-107	48	76	-17	-127	108	-59
13	-81	117	-21	-9	-124	39	12	94	31	-128	85	-110	-44	10	17
-8	82	60	-124	-12	-63	42	-113	71	-18	1	-42	-78	-10	-127	83
21	-104	-115	-48	-125	-8	-78	34	3	116	44	53	76	-13	0	67
91	-90	101	67	38	-123	91	-110	88	-21	-12	107	-15	80	93	102
-64	122	12	-29	-120	105	-76	-26	12	123	-3	56	79	-51	106	121
-44	-78	-72	-71	-56	124	85	-63	-81	-92	117	110	5	11	98	116
-4	41	-18	-62	46	-63	47	120	7	-76	48	-13	82	13	73	53
